1.98969085263,4.54182569534
0.830439291576,3.75631586754
1.3387715342,4.35810396928
0.750953334782,4.65022725771
1.78091787182,4.32986428233
0.66879154929,4.93289588274
1.13547195914,4.02576927578
1.37622902859,4.84839567217
0.797360285149,4.62099959691
0.986003783175,3.41964928644
0.610155003287,4.61339123878
0.980983937356,4.75761327362
1.13475359956,4.43710499455
1.31404325344,3.84061426703
0.492833916548,4.75804190835
0.726967903548,4.80943833056
1.72557694823,5.06008377446
1.24901613148,4.10521161803
0.944161635758,4.804890396
0.645591980281,3.81544661539
0.83691094688,4.19772284903
0.63326214255,4.5645577864
1.47536873576,4.55337235518
2.12071319603,4.1101468241
1.41541002084,4.04606715867
3.59118484925,3.97743687264
3.16638735039,3.98858537264
3.28829445309,3.82538534057
3.20527763458,3.97802864352
3.29593654382,4.02216485235
3.45287172313,4.02184247075
3.08939103769,4.08494569653
3.44686855091,4.27337897553
3.32666748496,3.99167266232
3.30245547135,3.84219551428
3.33567250668,4.0130500675
3.04839954627,4.03113276661
3.40410983158,4.07816179927
3.13957921279,3.72320354882
3.21041564078,4.14465500572
3.288889133,4.20668493081
3.43207574803,4.28078924877
3.0399992355,3.90381528798
3.17714884414,3.93976291946
3.64013392761,4.02880202875
3.08654682279,3.84041595086
3.2782716199,4.15816234147
3.52268207672,4.19667248825
3.35396327433,3.95668628237
3.38404904257,3.89975306267
7.87082048444,2.38001253585
6.9369775448,2.31820710594
7.28334862563,2.4356201812
7.66050008217,2.6740013275
8.0881832063,1.87434859547
7.47809167422,1.40605392168
7.45567629895,2.41167448249
7.25539931738,2.96309307197
7.8776938779,3.01077894166
7.82215708252,2.7248443459
7.71005844433,2.8399158292
7.02956913811,3.07315961397
7.98184482342,2.50560488295
7.48878325675,2.61435181418
8.15043511638,3.14391696318
6.99299037225,2.11966129494
7.81529328822,2.64231492747
7.30880622984,2.37192004551
7.56729525003,3.46243229121
8.30293861972,2.8724009251
7.07124733856,2.37486359027
7.32161537443,2.5074090333
7.98261995737,2.14876283948
7.68260859824,2.90064226299
7.84990119122,2.51966812447
9.33396326799,6.20886439359
9.18105696041,6.42799641403
9.17188046489,6.24420718806
9.40051637132,6.42431919117
9.3442172729,6.19873879361
9.26520338398,6.20075291554
9.38081907644,6.24402367547
9.21885749067,6.33765691236
9.238440775,6.32442158899
9.22347490946,6.2042809756
9.19749906949,6.02995730102
9.24188342744,6.33685591794
9.22378138461,6.32133053907
9.24270432768,6.3966816104
9.29231956085,6.25388401933
9.32554284774,6.53031622348
9.07070348132,6.47762145853
9.21232323958,6.14050624288
9.31799325476,6.21164829641
9.32130898084,6.08054278255
9.31373830109,6.29833080615
9.34943216806,6.20696771295
9.24533919574,6.20624807619
9.24857632026,6.31900779186
9.21153553745,6.34319508713
